Iter 0

Size = 7
Data size = 28
[ 57 98.4013 -345.676 -129.554 -123.747 -25.5 -22 ;
98.4013 178.379 -592.886 -221.391 -214.857 -43.5992 -39.7795 ;
-345.676 -592.886 4721.9 0 761.495 165.817 109.232 ;
-129.554 -221.391 0 2652.68 295.927 69.6034 40.6105 ;
-123.747 -214.857 761.495 295.927 277.696 55.488 47.443 ;
-25.5 -43.5992 165.817 69.6034 55.488 25.5 9 ;
-22 -39.7795 109.232 40.6105 47.443 9 22 ;
]
+++++++++++++
Iter 1

Size = 7
Data size = 28
[ 46.5334 80.4939 -273.968 -92.0845 -100.232 -21.3345 -18.9174 ;
80.4939 146.194 -469.092 -159.722 -174.477 -36.5848 -34.3562 ;
-273.968 -469.092 3505.77 0 596.872 134.994 94.6368 ;
-92.0845 -159.722 0 1525.5 205.233 49.7472 33.5155 ;
-100.232 -174.477 596.872 205.233 223.205 45.8944 40.5977 ;
-21.3345 -36.5848 134.994 49.7472 45.8944 21.3345 7.70155 ;
-18.9174 -34.3562 94.6368 33.5155 40.5977 7.70155 18.9174 ;
]
+++++++++++++
Iter 2

Size = 7
Data size = 28
[ 41.0476 72.2616 -245.593 -77.0454 -87.0651 -19.5127 -18.3344 ;
72.2616 132.632 -437.07 -142.958 -154.735 -33.7555 -33.0653 ;
-245.593 -437.07 3183.66 0 523.914 128.982 96.6651 ;
-77.0454 -142.958 0 1207.5 165.301 44.5562 35.1414 ;
-87.0651 -154.735 523.914 165.301 190.677 41.265 39.2961 ;
-19.5127 -33.7555 128.982 44.5562 41.265 19.5127 7.23771 ;
-18.3344 -33.0653 96.6651 35.1414 39.2961 7.23771 18.3344 ;
]
+++++++++++++
Iter 3

Size = 7
Data size = 28
[ 37.1382 65.8847 -221.394 -67.3708 -78.9442 -18.2688 -17.5057 ;
65.8847 121.435 -401.134 -128.925 -141.455 -31.6438 -31.3482 ;
-221.394 -401.134 2905.98 0 476.048 122.409 92.9312 ;
-67.3708 -128.925 0 1027.73 146.124 41.4613 31.8544 ;
-78.9442 -141.455 476.048 146.124 173.454 38.7081 37.4777 ;
-18.2688 -31.6438 122.409 41.4613 38.7081 18.2688 6.87524 ;
-17.5057 -31.3482 92.9312 31.8544 37.4777 6.87524 17.5057 ;
]
+++++++++++++
Iter 4

Size = 7
Data size = 28
[ 37.1761 65.9563 -222.2 -66.5568 -79.2615 -18.3374 -17.6195 ;
65.9563 121.634 -402.292 -127.17 -141.956 -31.8045 -31.5362 ;
-222.2 -402.292 2908.31 0 480.16 122.989 95.2435 ;
-66.5568 -127.17 0 1020.71 145.506 41.2248 32.2581 ;
-79.2615 -141.956 480.16 145.506 174.728 38.9736 37.7374 ;
-18.3374 -31.8045 122.989 41.2248 38.9736 18.3374 6.98246 ;
-17.6195 -31.5362 95.2435 32.2581 37.7374 6.98246 17.6195 ;
]
+++++++++++++
Iter 5

Size = 7
Data size = 28
[ 36.7282 65.2359 -219.524 -65.7057 -78.3367 -18.1486 -17.4982 ;
65.2359 120.369 -398.624 -126.1 -140.463 -31.4941 -31.2776 ;
-219.524 -398.624 2884.83 0 475.061 121.775 94.4775 ;
-65.7057 -126.1 0 1007.51 143.963 40.7182 31.6971 ;
-78.3367 -140.463 475.061 143.963 172.781 38.5867 37.4551 ;
-18.1486 -31.4941 121.775 40.7182 38.5867 18.1486 6.92609 ;
-17.4982 -31.2776 94.4775 31.6971 37.4551 6.92609 17.4982 ;
]
+++++++++++++
Iter 6

Size = 7
Data size = 28
[ 36.716 65.2154 -219.441 -65.6755 -78.3088 -18.1434 -17.4954 ;
65.2154 120.333 -398.487 -126.049 -140.416 -31.4853 -31.2723 ;
-219.441 -398.487 2883.63 0 474.869 121.739 94.4664 ;
-65.6755 -126.049 0 1006.95 143.888 40.7012 31.6921 ;
-78.3088 -140.416 474.869 143.888 172.715 38.5746 37.4489 ;
-18.1434 -31.4853 121.739 40.7012 38.5746 18.1434 6.92467 ;
-17.4954 -31.2723 94.4664 31.6921 37.4489 6.92467 17.4954 ;
]
+++++++++++++
Iter 7

Size = 7
Data size = 28
[ 36.7132 65.2107 -219.428 -65.6745 -78.3037 -18.1424 -17.4941 ;
65.2107 120.324 -398.473 -126.052 -140.408 -31.4837 -31.2695 ;
-219.428 -398.473 2883.55 0 474.854 121.735 94.4598 ;
-65.6745 -126.052 0 1006.88 143.893 40.7015 31.6856 ;
-78.3037 -140.408 474.854 143.893 172.706 38.5731 37.4458 ;
-18.1424 -31.4837 121.735 40.7015 38.5731 18.1424 6.92423 ;
-17.4941 -31.2695 94.4598 31.6856 37.4458 6.92423 17.4941 ;
]
+++++++++++++
