============== BHHH ===============

Size = 7
Data size = 28
[ 36.5596 63.97 -225.038 -47.2046 -78.3409 -17.8648 -16.1056 ;
63.97 116.023 -401.503 -90.8448 -137.924 -30.5022 -28.8004 ;
-225.038 -401.503 2957.59 0 494.477 120.603 83.5327 ;
-47.2046 -90.8448 0 899.216 97.7682 29.4886 35.6785 ;
-78.3409 -137.924 494.477 97.7682 173.664 37.5772 34.3287 ;
-17.8648 -30.5022 120.603 29.4886 37.5772 17.8648 6.01145 ;
-16.1056 -28.8004 83.5327 35.6785 34.3287 6.01145 16.1056 ;
]

============== Hessian ===============

Size = 7
Data size = 28
[ 36.7132 65.2107 -219.428 -65.6745 -78.3037 -18.1424 -17.4941 ;
65.2107 120.324 -398.473 -126.052 -140.408 -31.4837 -31.2695 ;
-219.428 -398.473 2883.55 0 474.854 121.735 94.4598 ;
-65.6745 -126.052 0 1006.88 143.893 40.7015 31.6856 ;
-78.3037 -140.408 474.854 143.893 172.706 38.5731 37.4458 ;
-18.1424 -31.4837 121.735 40.7015 38.5731 18.1424 6.92423 ;
-17.4941 -31.2695 94.4598 31.6856 37.4458 6.92423 17.4941 ;
]

